C1	1	2	3	4	5	6	7	8	9	10	11	12
Temp. [°C]	37,2	36,8	37,2	37,2	37,1	37,1	37,4	37,2	37,2	37,5	37,2	37,2
Mean	0,07339999825	0,07329999655	0,07460000366	0,07569999993	0,07569999993	0,07649999857	0,07710000128	0,07789999992	0,07859999686	0,07919999957	0,0800999999	0,08110000193
StDev	0,0008999999845	0,001099999994	0,0007999999798	0,001300000004	0,0007999999798	0,0007999999798	0,001099999994	0,001200000057	0,001300000004	0,00139999995	0,00139999995	0,001500000013
1;2	0,07360000163	0,0719999969	0,07569999993	0,07639999688	0,07599999756	0,0773999989	0,07819999754	0,07869999856	0,07940000296	0,0802000016	0,08079999685	0,08169999719
Time [ms]	0	54101	108233	162366	216483	270616	324733	378850	432983	487116	541217	595350
0;1	0,07230000198	0,07310000062	0,07389999926	0,07450000197	0,07500000298	0,07549999654	0,07569999993	0,07609999925	0,07660000026	0,07720000297	0,07789999992	0,07880000025
Time [ms]	741	54843	108975	163109	217225	271358	325475	379592	433725	487858	541959	596092
1;0	0,07320000231	0,07460000366	0,07419999689	0,07479999959	0,07519999892	0,07630000263	0,07710000128	0,07819999754	0,07909999788	0,07959999889	0,08070000261	0,08190000057
Time [ms]	1481	55583	109715	163848	217965	272097	326214	380331	434464	488597	542699	596832
2;1	0,07429999858	0,07349999994	0,07460000366	0,07720000297	0,07670000196	0,07689999789	0,0775000006	0,07840000093	0,07930000126	0,07989999652	0,08089999855	0,08179999888
Time [ms]	2220	56340	110473	164606	218723	272856	326972	381089	435222	489355	543457	597589
